[Engagement.jpg]
filters=sat=1,-0.017544;unsharp2=1,0.333333;
moddate=9823685e55fdcf01
width=2416
height=1812
textactive=0
[ceresvilleAtNight.jpg]
filters=PicnikGrain=1,33.333336,0;
moddate=61b38cdcf5fecf01
width=4368
height=2912
textactive=0
